2222222522222225222225
2255522522555225222225
2555552225555522222225
5115555251155552222225
1114411511144115222225
1144552211445522222225
1444411114444111222225
1334331113343311222225
3366666333666663222225
2222222522222225222225
2255522522555225222225
2555552225555522222225
5115555251155552222225
1114411511144115222225
1144552211445522222225
1444411114444111222225
1334331113343311222225
3366666333666663222225
3366666333666663222225
2222222522222225222225
2255522522555225222225
2555552225555522222225
5115555251155552222225
1114411511144115222225
1144552211445522222225
1444411114444111222225
1334331113343311222225
3366666333666663222225